Train_loss
[0.6952331617997743, 0.6481386517672297, 0.6064682483905623, 0.5926585092423641, 0.5812333646304275, 0.5794054439923543, 0.5696487577513384, 0.5659845031129368, 0.5609162223122055, 0.5603629655661292, 0.5521215463568238, 0.5506727395891678, 0.5464393225618395, 0.5353042038038897, 0.5236390642288913, 0.5080063443810174, 0.4912201367289564, 0.47444923592171834, 0.4590436407354005, 0.45180157952795413]

Train_acc
[0.5501869320869446, 0.611955463886261, 0.6464157700538635, 0.6561686992645264, 0.6686037182807922, 0.6678722500801086, 0.6731957197189331, 0.675105631351471, 0.6831111907958984, 0.6877438426017761, 0.6937581300735474, 0.6927828192710876, 0.6976593136787415, 0.7084687948226929, 0.7134265303611755, 0.7221634984016418, 0.733623206615448, 0.7401251792907715, 0.748171329498291, 0.7505282759666443]

Test_loss
[0.6053580296310511, 0.4911596138368953, 0.422750384631482, 0.40681458535519516, 0.3909221950241111, 0.3866807396777652, 0.3762474131177772, 0.3681325637312098, 0.35831918042491784, 0.35710476906123484, 0.355924379334531, 0.36168537686832924, 0.3436266608874906, 0.34166344204409554, 0.3338783713565631, 0.3229177014224909, 0.31318489208140154, 0.2935046504505656, 0.2834464861926707, 0.2742711099880663]

Test_acc
[0.7315555810928345, 0.8092444539070129, 0.8392888903617859, 0.8464000225067139, 0.8554666638374329, 0.8595555424690247, 0.8620444536209106, 0.8640000224113464, 0.865244448184967, 0.8689777851104736, 0.8787555694580078, 0.867377758026123, 0.8784000277519226, 0.8784000277519226, 0.8778666853904724, 0.8896000385284424, 0.8894222378730774, 0.8984888792037964, 0.8986666798591614, 0.904888927936554]

