Train_loss
[0.6146090569747285, 0.5438727033076268, 0.49774487764224584, 0.46380774798876906, 0.4417166673858082, 0.42308366841240574, 0.40640059933163253, 0.3895856416620731, 0.37463747123825536, 0.3597600229074803, 0.3459707475685174, 0.3326339223876266, 0.32014193049642914, 0.30765041529705994, 0.2953535735180846, 0.28432770741931485, 0.2728875973619162, 0.26259458828499477, 0.2529295319969849, 0.24462070866876678]

Train_acc
[0.6505201458930969, 0.7182623744010925, 0.754551351070404, 0.779421329498291, 0.7938881516456604, 0.8053072094917297, 0.8198959827423096, 0.8321684002876282, 0.8444408178329468, 0.8549252152442932, 0.8608989119529724, 0.8673601746559143, 0.8727649450302124, 0.8776414394378662, 0.8827617168426514, 0.8855656385421753, 0.8884915709495544, 0.893530547618866, 0.8973910808563232, 0.8994229435920715]

Test_loss
[0.4669603978029706, 0.3958920866928317, 0.3572910423813896, 0.32720820080827584, 0.3215533464469693, 0.31441451456736436, 0.30151603455570614, 0.3034986045888879, 0.306468010626056, 0.2881538874723695, 0.2888093802400611, 0.29023803575811064, 0.29145301112227817, 0.2796750552528961, 0.2835439115085385, 0.27432996398684656, 0.29833445054563607, 0.28002903855998407, 0.29556846068325365, 0.28059279442426155]

Test_acc
[0.8222222328186035, 0.8540444374084473, 0.8666666746139526, 0.8753777742385864, 0.8718222379684448, 0.8734222054481506, 0.879288911819458, 0.8848000168800354, 0.8821333646774292, 0.8844444751739502, 0.8876444697380066, 0.886044442653656, 0.8812444806098938, 0.8896000385284424, 0.8863999843597412, 0.893155574798584, 0.8887110948562622, 0.8880000114440918, 0.8831999897956848, 0.8876444697380066]

