Train_loss
[0.6314735252540971, 0.5564013004535506, 0.5258737868000845, 0.49933101905337857, 0.4709177122237003, 0.44263416590709215, 0.423904735260729, 0.40653388270011026, 0.3935561418649589, 0.3771048191891225, 0.35953724686594096, 0.34188204573561837, 0.32381436430276295, 0.30769519445877547, 0.292908170113948, 0.2803114691969632, 0.268627471117344, 0.26342600647975317, 0.2542924786032564, 0.2476607942457162]

Train_acc
[0.6145969033241272, 0.7140361070632935, 0.7363865375518799, 0.7594278454780579, 0.7913686633110046, 0.8211963772773743, 0.8376137614250183, 0.8483826518058777, 0.8562256097793579, 0.8643530607223511, 0.8707737326622009, 0.8766254782676697, 0.8818677067756653, 0.8839808106422424, 0.8861752152442932, 0.8890198469161987, 0.8899138569831848, 0.889548122882843, 0.8940181732177734, 0.8964970707893372]

Test_loss
[0.48434064181690867, 0.4251002652401274, 0.3934712263501503, 0.37259691437198356, 0.3463711054487662, 0.3356428738175468, 0.3267505433495072, 0.3219264337623661, 0.30509455112571066, 0.30069118391045113, 0.281167089515789, 0.2905649977143515, 0.28374510995027696, 0.28243776808746834, 0.2806194814091379, 0.28116815871643747, 0.28928943621841346, 0.3204016314226795, 0.2990896739065647, 0.2926011169752614]

Test_acc
[0.8154667019844055, 0.8449777960777283, 0.8638222217559814, 0.865066647529602, 0.858311116695404, 0.8696889281272888, 0.874488890171051, 0.8766222596168518, 0.8803555369377136, 0.881600022315979, 0.8901333212852478, 0.8865777850151062, 0.8917333483695984, 0.8928000330924988, 0.8947555422782898, 0.8951111435890198, 0.8940444588661194, 0.8846222162246704, 0.8956444263458252, 0.8981333374977112]

