Train_loss
[0.6988281351847209, 0.6427913216682652, 0.5940690154139491, 0.5864249434908283, 0.5746738287500349, 0.5673032575837967, 0.5569741936359356, 0.5478915819808627, 0.5389356800344117, 0.5307803340401545, 0.52364414015734, 0.5159437001449079, 0.5035434281950034, 0.5006319549908409, 0.49417908390879783, 0.4817394771563526, 0.47493118441073884, 0.4681693341084047, 0.45512444195573754, 0.44465368617960627]

Train_acc
[0.5539661645889282, 0.6377601027488708, 0.6583631038665771, 0.6613296270370483, 0.6733582615852356, 0.6766498684883118, 0.6851430535316467, 0.6931485533714294, 0.7009102702140808, 0.7071684002876282, 0.7120448350906372, 0.7166368365287781, 0.7250081300735474, 0.7298845648765564, 0.7357363700866699, 0.7408566474914551, 0.7452454566955566, 0.7472366690635681, 0.7554047703742981, 0.7649950981140137]

Test_loss
[0.6553348319774325, 0.4782387131655758, 0.4226102546196092, 0.40165489505637775, 0.3843031246215105, 0.3715347195552154, 0.3505714957348325, 0.3403391617096283, 0.33211337360130117, 0.3239957492967898, 0.3194679164920341, 0.33021981616250495, 0.32153231862255116, 0.3125753995369781, 0.3046187429942868, 0.2994756939905611, 0.29366501683199947, 0.29622807556932623, 0.28886657021939754, 0.27766627949577843]

Test_acc
[0.6851555705070496, 0.8250666856765747, 0.8504889011383057, 0.8540444374084473, 0.8663111329078674, 0.8709333539009094, 0.8748444318771362, 0.8784000277519226, 0.8782222270965576, 0.8867555856704712, 0.8835555911064148, 0.8640000224113464, 0.8620444536209106, 0.8705778121948242, 0.874666690826416, 0.8799999952316284, 0.890666663646698, 0.8794666528701782, 0.8817777633666992, 0.8924444317817688]

