Train_loss
[0.6145942601410403, 0.5598941739885953, 0.5347550800082277, 0.5010638665238345, 0.45819490407781266, 0.41948838502904995, 0.38322867807703304, 0.3496249709544783, 0.32029064634260185, 0.29596705448914257, 0.27638131132051447, 0.26104150840380413, 0.2473258440066686, 0.23734576873704114, 0.22858484604811327, 0.21974685479570738, 0.2123457941533065, 0.20699680658597475, 0.20172929471680806, 0.1963409545827749, 0.19136283245368804, 0.18838862026950784, 0.18532183340548383, 0.18001527199461106, 0.17785580390131753, 0.17440060340836935, 0.17170620260345998, 0.16894414507928068, 0.1660691258438193, 0.16525265157116173, 0.16137176867869957, 0.16022361449955422, 0.15837409067293448, 0.1548944239689931, 0.15337613186713003, 0.15170146512795332, 0.14946278294134202, 0.14817432515439427, 0.14679507554662552, 0.14465614643931313, 0.14307468451598299, 0.1413949710245502, 0.14036786071084179, 0.138239980688602, 0.1374350953629175, 0.13605419790277787, 0.13491091777671066, 0.13244493730530937, 0.13134520940279154, 0.12921120531939367]

Train_acc
[0.6555591821670532, 0.7080624103546143, 0.7289905548095703, 0.7556892037391663, 0.7833225131034851, 0.8072171807289124, 0.8255851864814758, 0.8394018411636353, 0.8515117168426514, 0.864109218120575, 0.8741059899330139, 0.8807298541069031, 0.8880038857460022, 0.8937337398529053, 0.8994635939598083, 0.9036085605621338, 0.908403754234314, 0.9123862385749817, 0.9154340028762817, 0.9173439741134644, 0.9210825562477112, 0.9225049018859863, 0.9253494739532471, 0.9276251792907715, 0.9275845289230347, 0.9305510520935059, 0.9323797225952148, 0.9324609637260437, 0.934492826461792, 0.9354274868965149, 0.9372561573982239, 0.9370123744010925, 0.9387190937995911, 0.9398162961006165, 0.9414011836051941, 0.9413198828697205, 0.9422951936721802, 0.9427015781402588, 0.9425796270370483, 0.9443270564079285, 0.943880021572113, 0.9459118843078613, 0.9464808106422424, 0.9463995695114136, 0.946887195110321, 0.947496771812439, 0.948390781879425, 0.9489190578460693, 0.9492441415786743, 0.9500162601470947]

Test_loss
[0.460807761346752, 0.4302737570621751, 0.4018720512024381, 0.3731710087846626, 0.341714124110612, 0.31603548184714536, 0.3192806217650121, 0.29184327172962105, 0.30119311352345074, 0.28565987876870413, 0.2886920755051754, 0.2822658050889996, 0.27960034425963054, 0.26629435520788486, 0.3022158038802445, 0.28051701761697506, 0.2829415640074082, 0.30405423269522464, 0.3436072280376472, 0.2652728661513803, 0.27385922167873517, 0.32315282709896564, 0.3006925002502447, 0.35118904148905794, 0.3115054885856807, 0.3486530819526789, 0.32669676378877327, 0.32762420164759865, 0.3033864711495963, 0.3359083998313343, 0.32578284717799927, 0.3236665823496878, 0.3171933960825713, 0.35275515577417205, 0.3993719185871834, 0.3602863001552495, 0.35730833297764714, 0.3407782186457718, 0.3935451051431962, 0.34336519918658515, 0.378977151312442, 0.4348914427047765, 0.352136333684691, 0.3809137122959576, 0.3572948982473463, 0.36562083210711455, 0.39016072974878957, 0.3551116320939565, 0.38605902602218767, 0.39359710728537967]

Test_acc
[0.8341333270072937, 0.8536888957023621, 0.8519111275672913, 0.8579555749893188, 0.8638222217559814, 0.8696889281272888, 0.860622227191925, 0.8785777688026428, 0.872355580329895, 0.8821333646774292, 0.879111111164093, 0.8871111273765564, 0.886044442653656, 0.8970666527748108, 0.8805333375930786, 0.8912000060081482, 0.8915555477142334, 0.8867555856704712, 0.8718222379684448, 0.9063110947608948, 0.9031111001968384, 0.8851555585861206, 0.8944000005722046, 0.879288911819458, 0.8936889171600342, 0.8817777633666992, 0.8910222053527832, 0.8910222053527832, 0.9004444479942322, 0.8878222107887268, 0.8958222270011902, 0.89528888463974, 0.902577817440033, 0.8881778120994568, 0.8794666528701782, 0.890666663646698, 0.8912000060081482, 0.8963555693626404, 0.883733332157135, 0.900088906288147, 0.8904889225959778, 0.8748444318771362, 0.8983111381530762, 0.8917333483695984, 0.900088906288147, 0.8972444534301758, 0.8919111490249634, 0.9011555910110474, 0.8933333158493042, 0.8901333212852478]

